1536
9220
8711
8202
511
6154
6155
5134
2062
6160
6674
2039
5141
6166
5653
6168
6165
7703
4124
4126
4131
1061
40
41
6186
7728
49
8754
5169
4660
4661
1590
5687
8248
5178
7226
6205
5695
7743
7234
5701
6726
5703
5191
5706
5709
3661
591
6225
8787
7765
6230
2135
87
91
3680
7266
6243
5732
3687
8295
615
616
3583
8300
6766
7793
7282
1651
3700
3189
4094
3705
4219
3713
8833
1667
6276
6277
8329
652
8852
4245
148
6805
2206
2213
7334
4775
6313
3242
3243
7340
7853
4782
5807
3248
8880
7347
692
6842
1724
6847
8895
6850
3779
8388
7365
6855
5832
3272
4809
7883
7884
1740
1736
6346
7889
2769
2259
7892
7379
214
8919
8916
8409
4314
3291
8924
1756
733
8927
6355
8425
234
3307
3824
1266
4852
2805
6392
4345
2809
761
5888
7378
7427
1287
5902
1299
8979
3860
795
4384
8995
1319
8487
4903
6442
810
7980
5936
307
5433
8506
1339
7997
2888
8011
844
5970
5971
5972
5974
6489
9061
9063
5480
4974
8559
2926
7547
3453
6015
6016
383
3973
1926
7048
8585
8586
1420
7565
1934
6032
5011
6549
1945
6555
7581
5026
7594
2475
4524
4525
2478
6575
4016
1450
2994
435
5045
4024
3512
3002
957
9150
8128
6082
1991
9161
461
4557
3535
4048
5075
5588
3540
5591
6103
5593
2528
8161
483
4580
4582
3046
4584
8170
6124
492
6127
3055
497
2549
5623
4092
4093
7166
8191
